1210000702
1210000711
1210000721
1210000722
1210000723
1210002001
1210002002
1210002003
1210002004
1210002005
1210002300
1210002900
1210002901
1210002902
1210002903
1210002904
1210002905
1210002906
1210003700
1210008103
1210008111
1210008132
1210008133
1210008136
1210009902
1210009903
1210009904
1210009905
1210009906
1210009908
1210009909
1210009910
1210009913
1210009915
1210009918
1210010905
1210011001
1210011002
1210011003
1210011004
1210011005
1210012401
1210012402
1210012403
1210012404
1210012405
1210012406
1210012407
1210013208
1210013402
1210013404
1210013405
1210013406
1210013407
1210013408
1210013409
1210014201
1210014202
1210014203
1210014204
1210014205
1210014206
1210014207
1210014208
1210043900
1210043901
1210044500
1210044700
1210071600
1210072200
1210072201
1210072202
1210072400
1210072600
1210177500
1210177501
1210178200
1210178201
1210181101
